function xyz_dipoles = wb_dipolesXYZ(~)
% default dipole xyz coordinates
%   For more see http://www.neuro.uestc.edu.cn/rest/
%   Reference: Yao D (2001) A method to standardize a reference of scalp EEG recordings to a point at infinity.
%                       Physiol Meas 22:693?11. doi: 10.1088/0967-3334/22/4/305
%  Li Dong*, Fali Li, Qiang Liu, Xin Wen, Yongxiu Lai, Peng Xu and Dezhong Yao*.
%              MATLAB Toolboxes for Reference Electrode Standardization Technique (REST)
%              of Scalp EEG. Frontiers in Neuroscience,  2017:11(601).
xyz_dipoles = [0.057592	0	0.867089
    0.046593	0.033852	0.867089
    0.017797	0.054773	0.867089
    -0.017797	0.054773	0.867089
    -0.046593	0.033852	0.867089
    -0.057592	0	0.867089
    -0.046593	-0.033852	0.867089
    -0.017797	-0.054773	0.867089
    0.017797	-0.054773	0.867089
    0.046593	-0.033852	0.867089
    0.067555	0.092981	0.861366
    0.035516	0.109306	0.861366
    0	0.114931	0.861366
    -0.035516	0.109306	0.861366
    -0.067555	0.092981	0.861366
    -0.092981	0.067555	0.861366
    -0.109306	0.035516	0.861366
    -0.114931	0	0.861366
    -0.109306	-0.035516	0.861366
    -0.092981	-0.067555	0.861366
    -0.067555	-0.092981	0.861366
    -0.035516	-0.109306	0.861366
    0	-0.114931	0.861366
    0.035516	-0.109306	0.861366
    0.067555	-0.092981	0.861366
    0.092981	-0.067555	0.861366
    0.109306	-0.035516	0.861366
    0.114931	0	0.861366
    0.109306	0.035516	0.861366
    0.092981	0.067555	0.861366
    0.121456	0.121456	0.851856
    0.094521	0.143418	0.851856
    0.063716	0.159509	0.851856
    0.030303	0.16907	0.851856
    -0.004351	0.171709	0.851856
    -0.038827	0.167318	0.851856
    -0.071713	0.156077	0.851856
    -0.101663	0.138447	0.851856
    -0.127451	0.115148	0.851856
    -0.148022	0.087135	0.851856
    -0.162532	0.055555	0.851856
    -0.170388	0.0217	0.851856
    -0.171268	-0.013043	0.851856
    -0.165137	-0.047252	0.851856
    -0.152245	-0.079526	0.851856
    -0.13312	-0.108545	0.851856
    -0.108545	-0.13312	0.851856
    -0.079526	-0.152245	0.851856
    -0.047252	-0.165137	0.851856
    -0.013043	-0.171268	0.851856
    0.0217	-0.170388	0.851856
    0.055555	-0.162532	0.851856
    0.087135	-0.148022	0.851856
    0.115148	-0.127451	0.851856
    0.138447	-0.101663	0.851856
    0.156077	-0.071713	0.851856
    0.167318	-0.038827	0.851856
    0.171709	-0.004351	0.851856
    0.16907	0.030303	0.851856
    0.159509	0.063716	0.851856
    0.143418	0.094521	0.851856
    0.172877	0.14841	0.838599
    0.147532	0.173627	0.838599
    0.118555	0.194569	0.838599
    0.086658	0.210719	0.838599
    0.052627	0.221681	0.838599
    0.017301	0.227185	0.838599
    -0.018452	0.227094	0.838599
    -0.05375	0.221412	0.838599
    -0.087725	0.210277	0.838599
    -0.119539	0.193965	0.838599
    -0.14841	0.172877	0.838599
    -0.173627	0.147532	0.838599
    -0.194569	0.118555	0.838599
    -0.210719	0.086658	0.838599
    -0.221681	0.052627	0.838599
    -0.227185	0.017301	0.838599
    -0.227094	-0.018452	0.838599
    -0.221412	-0.05375	0.838599
    -0.210277	-0.087725	0.838599
    -0.193965	-0.119539	0.838599
    -0.172877	-0.14841	0.838599
    -0.147532	-0.173627	0.838599
    -0.118555	-0.194569	0.838599
    -0.086658	-0.210719	0.838599
    -0.052627	-0.221681	0.838599
    -0.017301	-0.227185	0.838599
    0.018452	-0.227094	0.838599
    0.05375	-0.221412	0.838599
    0.087725	-0.210277	0.838599
    0.119539	-0.193965	0.838599
    0.14841	-0.172877	0.838599
    0.173627	-0.147532	0.838599
    0.194569	-0.118555	0.838599
    0.210719	-0.086658	0.838599
    0.221681	-0.052627	0.838599
    0.227185	-0.017301	0.838599
    0.227094	0.018452	0.838599
    0.221412	0.05375	0.838599
    0.210277	0.087725	0.838599
    0.193965	0.119539	0.838599
    0.215133	0.183741	0.821656
    0.190408	0.209255	0.821656
    0.16268	0.23147	0.821656
    0.132386	0.250034	0.821656
    0.100005	0.264655	0.821656
    0.066046	0.275102	0.821656
    0.031046	0.28121	0.821656
    -0.004444	0.282884	0.821656
    -0.039864	0.280096	0.821656
    -0.074655	0.272891	0.821656
    -0.108268	0.261383	0.821656
    -0.140175	0.245752	0.821656
    -0.16987	0.226246	0.821656
    -0.196887	0.203171	0.821656
    -0.220798	0.176893	0.821656
    -0.241228	0.147825	0.821656
    -0.257853	0.116425	0.821656
    -0.270412	0.08319	0.821656
    -0.278706	0.048642	0.821656
    -0.282605	0.013327	0.821656
    -0.282047	-0.022198	0.821656
    -0.27704	-0.057372	0.821656
    -0.267665	-0.091642	0.821656
    -0.254069	-0.124467	0.821656
    -0.236466	-0.155329	0.821656
    -0.215133	-0.183741	0.821656
    -0.190408	-0.209255	0.821656
    -0.16268	-0.23147	0.821656
    -0.132386	-0.250034	0.821656
    -0.100005	-0.264655	0.821656
    -0.066046	-0.275102	0.821656
    -0.031046	-0.28121	0.821656
    0.004444	-0.282884	0.821656
    0.039864	-0.280096	0.821656
    0.074655	-0.272891	0.821656
    0.108268	-0.261383	0.821656
    0.140175	-0.245752	0.821656
    0.16987	-0.226246	0.821656
    0.196887	-0.203171	0.821656
    0.220798	-0.176893	0.821656
    0.241228	-0.147825	0.821656
    0.257853	-0.116425	0.821656
    0.270412	-0.08319	0.821656
    0.278706	-0.048642	0.821656
    0.282605	-0.013327	0.821656
    0.282047	0.022198	0.821656
    0.27704	0.057372	0.821656
    0.267665	0.091642	0.821656
    0.254069	0.124467	0.821656
    0.236466	0.155329	0.821656
    0.259471	0.214653	0.801099
    0.235612	0.240599	0.801099
    0.209172	0.26391	0.801099
    0.18044	0.284328	0.801099
    0.149731	0.301632	0.801099
    0.117382	0.315631	0.801099
    0.083747	0.326171	0.801099
    0.049194	0.333138	0.801099
    0.014102	0.336456	0.801099
    -0.021145	0.336087	0.801099
    -0.05616	0.332035	0.801099
    -0.090559	0.324346	0.801099
    -0.123966	0.313103	0.801099
    -0.156015	0.29843	0.801099
    -0.186355	0.280487	0.801099
    -0.214653	0.259471	0.801099
    -0.240599	0.235612	0.801099
    -0.26391	0.209172	0.801099
    -0.284328	0.18044	0.801099
    -0.301632	0.149731	0.801099
    -0.315631	0.117382	0.801099
    -0.326171	0.083747	0.801099
    -0.333138	0.049194	0.801099
    -0.336456	0.014102	0.801099
    -0.336087	-0.021145	0.801099
    -0.332035	-0.05616	0.801099
    -0.324346	-0.090559	0.801099
    -0.313103	-0.123966	0.801099
    -0.29843	-0.156015	0.801099
    -0.280487	-0.186355	0.801099
    -0.259471	-0.214653	0.801099
    -0.235612	-0.240599	0.801099
    -0.209172	-0.26391	0.801099
    -0.18044	-0.284328	0.801099
    -0.149731	-0.301632	0.801099
    -0.117382	-0.315631	0.801099
    -0.083747	-0.326171	0.801099
    -0.049194	-0.333138	0.801099
    -0.014102	-0.336456	0.801099
    0.021145	-0.336087	0.801099
    0.05616	-0.332035	0.801099
    0.090559	-0.324346	0.801099
    0.123966	-0.313103	0.801099
    0.156015	-0.29843	0.801099
    0.186355	-0.280487	0.801099
    0.214653	-0.259471	0.801099
    0.240599	-0.235612	0.801099
    0.26391	-0.209172	0.801099
    0.284328	-0.18044	0.801099
    0.301632	-0.149731	0.801099
    0.315631	-0.117382	0.801099
    0.326171	-0.083747	0.801099
    0.333138	-0.049194	0.801099
    0.336456	-0.014102	0.801099
    0.336087	0.021145	0.801099
    0.332035	0.05616	0.801099
    0.324346	0.090559	0.801099
    0.313103	0.123966	0.801099
    0.29843	0.156015	0.801099
    0.280487	0.186355	0.801099
    0.30239	0.24487	0.77702
    0.278869	0.271353	0.77702
    0.253039	0.295588	0.77702
    0.225111	0.317374	0.77702
    0.195318	0.336529	0.77702
    0.163906	0.352896	0.77702
    0.131137	0.366339	0.77702
    0.097281	0.376746	0.77702
    0.062618	0.384031	0.77702
    0.027437	0.388134	0.77702
    -0.007972	0.389021	0.77702
    -0.043314	0.386684	0.77702
    -0.078298	0.381143	0.77702
    -0.112633	0.372444	0.77702
    -0.146034	0.360659	0.77702
    -0.178226	0.345885	0.77702
    -0.20894	0.328245	0.77702
